[Data Memory]
Size=2
Base=0

[Data Memory Content]
000:  68000138  70000150  78000154  8000000A  80000014  8000001E  6000000C  00000000 
020:  00000000  00000000  08000005  50000001  20000000  58000002  50000002  50000003 
040:  38000000  58000002  50000003  18000000  30000000  58000001  50000001  50000003 
060:  28000000  47FFFFC0  00000000  00000000  00000000  00000000  00000000  00000000 
080:  00000000  00000000  00000000  00000000  00000000  00000000  00000000  00000000 
0A0:  00000000  00000000  00000000  00000000  00000000  00000000  00000000  00000000 
0C0:  00000000  00000000  00000000  00000000  00000000  00000000  00000000  00000000 
0E0:  00000000  00000000  00000000  00000000  00000000  00000000  00000000  00000000 
100:  00000000  00000000  00000000  00000000  00000000  00000000  00000000  00000000 
120:  00000000  00000000  00000000  00000000  00000000  00000000  00000000  00000000 
140:  00000000  00000000  00000000  00000000  00000000  0000001E  00000023  0000001E 
160:  00000023  0000001E  00000000  00000000  00000000  00000000  00000000  00000000 
180:  00000000  00000000  00000000  00000000  00000000  00000000  00000000  00000000 
1A0:  00000000  00000000  00000000  00000000  00000000  00000000  00000000  00000000 
1C0:  00000000  00000000  00000000  00000000  00000000  00000000  00000000  00000000 
1E0:  00000000  00000000  00000000  00000000  00000000  00000000  00000000  00000000 
200:  00000000  00000000  00000000  00000000  00000000  00000000  00000000  00000000 
220:  00000000  00000000  00000000  00000000  00000000  00000000  00000000  00000000 
240:  00000000  00000000  00000000  00000000  00000000  00000000  00000000  00000000 
260:  00000000  00000000  00000000  00000000  00000000  00000000  00000000  00000000 
280:  00000000  00000000  00000000  00000000  00000000  00000000  00000000  00000000 
2A0:  00000000  00000000  00000000  00000000  00000000  00000000  00000000  00000000 
2C0:  00000000  00000000  00000000  00000000  00000000  00000000  00000000  00000000 
2E0:  00000000  00000000  00000000  00000000  00000000  00000000  00000000  00000000 
300:  00000000  00000000  00000000  00000000  00000000  00000000  00000000  00000000 
320:  00000000  00000000  00000000  00000000  00000000  00000000  00000000  00000000 
340:  00000000  00000000  00000000  00000000  00000000  00000000  00000000  00000000 
360:  00000000  00000000  00000000  00000000  00000000  00000000  00000000  00000000 
380:  00000000  00000000  00000000  00000000  00000000  00000000  00000000  00000000 
3A0:  00000000  00000000  00000000  00000000  00000000  00000000  00000000  00000000 
3C0:  00000000  00000000  00000000  00000000  00000000  00000000  00000000  00000000 
3E0:  00000000  00000000  00000000  00000000  00000000  00000000  00000000  00000000 
